0,468
0,527
48,7
48,4
48,1
48,8
48,3
40,3
86,6
86,5
86,4
86,3
86,2
86,1
86,0
81,3
81,2
81,1
81,0
80,3
80,2
80,1
80,0
76,6
76,5
76,4
76,3
76,2
76,1
76,0
75,9
75,8
75,7
75,6
75,5
75,4
75,3
75,2
75,1
75,0
74,8
74,7
74,6
74,5
74,4
74,3
74,2
74,1
74,0
73,7
73,6
73,5
10,186
10,16
10,206
73,4
73,3
73,2
73,1
73,0
72,6
72,5
10,64
72,4
72,3
72,2
72,1
72,0
65,3
65,1
64,5
10,226
64,4
64,1
61,3
61,1
59,3
59,1
57,3
57,1
10,180
55,4
55,3
55,1
51,3
51,1
10,182
50,4
50,3
50,1
41,1
10,136
41,4
40,10
40,9
40,8
40,7
40,6
11,13
11,15
11,4
11,26
11,24
11,21
40,5
40,1
32,1
32,3
9,4
9,6
27,4
27,3
27,1
23,28
23,27
23,24
23,23
8,11
8,16
8,6
8,12
8,9
23,20
23,19
23,18
23,15
23,14
23,11
23,10
23,7
23,6
12,2
12,1
12,3
23,5
23,3
